(8,) 
-2 2 36 7 6 1 7 34

(8,) 
9 -1 41 -1 3 3 10 7

(16,) 
18 6 6 14 0 11 -10 -11 -18 2 2 4 17 23 13 8

(16,) 
5 2 20 12 1 13 -2 -6 5 6 -10 11 10 -3 8 9

(32,) 
-4 10 -3 -1 15 -1 15 -3 2 -19 7 4 14 19 30 7 5 19 -1 3 17 1 16 14 -10 -2 0 8 14 -7 -12 -3

(32,) 
11 -6 -9 -4 -4 10 -4 13 4 -12 16 -10 -7 -3 3 -5 -10 15 3 13 -1 -3 20 18 -2 2 11 1 -32 -16 -4 -4

(32,) 
13 2 4 0 -21 9 -6 -2 -1 10 -23 -4 4 -10 10 4 2 -12 11 -24 -5 -6 -6 -7 -9 4 -5 1 2 13 13 -1

(32,) 
-22 5 -8 4 -1 -5 8 17 -1 -1 -20 -3 8 4 3 -7 -18 0 12 -4 5 -9 -7 -12 1 4 -12 -15 -8 21 -14 12

(64,) 
7 -2 21 17 9 7 -3 -1 7 -4 8 -1 -11 0 0 -3 -7 9 -6 14 -8 -2 1 11 13 6 18 6 -7 -14 -5 7 -1 -5 -4 -7 -8 -11 3 0 -14 20 -15 10 4 15 -14 0 -2 14 -14 31 -12 10 -18 4 21 8 12 -11 7 2 -6 -13

(64,) 
11 2 4 -6 1 5 -9 1 0 1 3 -5 8 7 -4 -1 -9 3 -8 0 3 -1 11 -7 -12 1 6 7 -5 -10 -4 -7 -14 -4 7 -20 -19 -5 -7 -1 -4 4 -4 -1 4 -2 -4 11 6 3 -12 15 -10 1 -1 1 -2 -4 6 9 5 -2 24 -5

(64,) 
8 2 0 10 2 -3 -7 1 -16 6 6 3 6 2 -2 -4 -16 12 -12 -3 8 -11 3 -3 10 -2 6 2 2 11 9 -5 -9 -8 -5 11 8 -14 -1 2 5 4 12 11 -4 -8 -2 -14 4 4 12 -8 -2 14 -10 17 10 -5 1 -1 2 6 2 -2

(64,) 
4 1 -14 -2 6 19 9 3 8 0 -5 4 5 8 -8 -8 -2 16 -7 -8 1 -4 -16 8 1 -9 7 -23 11 -17 10 1 -10 -12 -2 -11 -7 -16 -5 7 0 0 -3 7 3 -7 -6 -13 -10 -11 9 -6 8 5 1 8 6 -26 7 15 2 7 -3 8

(128,) 
-15 2 17 -15 7 13 -4 -4 -6 -38 0 2 -9 2 -1 21 -7 1 2 0 -12 -5 3 1 1 -5 3 -16 -11 -2 27 1 5 -13 -19 7 8 -4 -10 9 -8 -3 1 -6 -5 5 -19 8 -12 5 0 -13 20 -13 -3 -8 14 15 6 -10 -23 -5 -11 23 7 -11 11 -4 29 -4 -11 3 -1 -9 10 -8 -1 2 6 1 9 -44 12 13 -7 -13 5 -1 8 -3 -7 2 -4 36 -2 -5 -13 -11 5 -3 1 0 9 27 -7 -10 -18 3 2 7 -12 -23 1 -29 -17 2 -2 0 -7 0 2 -5 -20 -12 6 0 -10 6

(128,) 
-6 -13 -3 13 5 -19 -7 -2 -4 3 -37 -11 1 -8 -27 -7 -19 9 -22 0 -25 -7 -5 -12 -5 2 -8 4 3 1 -12 1 -7 11 -10 -17 -28 -19 5 3 -5 -23 -21 9 12 -5 -8 -15 -14 -26 1 1 10 -12 -9 -15 3 12 6 1 -12 11 -26 0 -2 -16 -3 -1 -39 1 -19 -4 -2 -21 -5 -37 -15 -2 -8 -7 1 -14 -14 2 -12 -17 -1 -17 1 -9 -15 -11 -6 -23 -20 -2 -1 -15 -33 10 2 -16 -17 -17 -4 -11 -11 -11 -13 -3 2 -15 -9 -6 9 0 -9 -2 -10 -1 -17 -29 -1 4 -43 3 -17 -8

(256,) 
-2 2 -41 -14 -14 -15 -18 0 -6 14 -22 -2 -14 -3 -18 -6 -8 -22 -55 5 -65 -51 -10 3 -32 -11 -13 -3 14 -19 1 8 -36 4 -14 -3 -17 -12 -21 -7 -89 6 -9 -43 1 -12 -4 -35 -9 -26 -17 -2 -16 -2 15 0 10 -28 9 -1 -18 -14 -17 -4 -3 -2 -5 -54 -6 -15 -1 -14 -3 -7 2 -5 -16 -16 -19 -8 -17 -25 -1 7 -8 -6 -15 -8 -4 -82 -18 -1 -39 7 2 -26 1 -11 -38 -8 0 -37 -16 -26 -7 -65 -9 -105 -9 -16 8 -22 -26 -4 -36 12 -32 -31 -20 9 -16 -19 -41 13 -7 2 -11 19 -10 -40 -42 1 -18 -6 -17 -33 -22 -14 -4 5 1 -6 -5 8 -6 -19 -97 -7 -23 -3 -3 -21 -12 -1 -16 -6 -23 -29 -15 -6 2 -23 -7 -49 -13 -24 -11 -8 5 -5 -10 5 -4 -19 -20 -21 -2 -33 -24 4 -11 -17 -23 -4 -14 -45 9 -11 -16 -14 -1 -22 -32 -10 -12 -7 -11 12 -32 -45 -13 -7 -14 -74 -47 -5 -12 -5 8 -97 -14 4 1 -4 -6 -21 -2 8 2 -6 -16 2 -19 -19 5 -24 -17 -1 -28 -45 1 -5 -9 3 -4 -3 0 -27 -21 -11 -5 0 -6 -18 1 -13 -4 -5 4 -24 18 8 -2 5 -9 -55

(256,) 
-1 -26 -39 -9 -17 -16 -20 -10 -22 4 -32 -7 -30 -2 -11 -2 -6 -37 -44 -24 -5 -30 -4 -16 -23 0 -17 2 -39 -12 -7 -3 -45 -13 -15 3 -20 -38 -5 -11 -12 2 -15 -23 2 -12 -20 -9 -21 -12 -7 -8 2 0 -1 -5 -2 -28 11 -3 -16 -20 -6 -33 -21 -42 -22 -18 0 -17 -18 -8 -9 -15 -6 -7 -28 -29 3 -12 -14 -29 6 -11 -17 -2 -30 -14 -25 -2 -40 1 -3 -15 -36 -39 -12 -32 -31 -10 -17 -18 -1 13 -24 -30 -7 -30 -11 -31 -1 3 7 -11 5 -1 -38 -30 0 -29 -1 3 -8 -10 -32 -4 -28 -42 -7 -26 -12 -11 -32 -22 -13 -28 -29 -26 -11 -37 3 5 -17 3 -20 -35 1 -29 -15 -13 -9 -31 -7 -32 -35 -9 -29 -11 -7 -25 -1 -1 -23 -3 -9 -46 -21 -7 -9 -11 -30 -28 -17 -19 -37 -24 -6 3 -21 -6 -13 -20 -4 -32 -32 -21 -3 6 -29 -15 -18 -37 -13 -1 -37 -8 -20 -20 -8 -9 -13 -20 -24 -18 -18 -24 -41 -10 1 -44 -11 -14 -18 -16 -28 -37 -16 -13 7 -6 -20 -1 -38 5 -9 -46 2 7 -27 -20 -1 -9 -19 -5 -5 -45 -29 -26 -21 -28 11 -16 -18 -13 -2 -9 -3 -8 -6 -21 -8 10 -4 0 -32 -17

(256,) 
2 -4 0 3 4 1 -4 -1 14 2 -6 3 11 7 5 -1 -5 1 11 -2 13 5 9 -3 2 6 3 -1 11 -4 9 10 -1 10 -1 10 2 -14 1 -1 10 8 8 0 8 7 7 8 7 1 2 0 9 -1 0 -3 14 1 5 -4 4 4 0 1 12 14 10 -6 -7 -2 -5 11 0 2 13 11 -5 7 8 5 13 3 1 4 13 -5 1 -1 9 3 4 7 -6 1 -3 0 -1 -3 5 -2 7 -1 -2 2 14 -2 6 3 -3 6 -1 2 -1 4 0 3 2 3 -4 1 8 16 -2 -3 3 0 0 0 -1 7 1 -6 7 3 8 8 -4 2 7 0 2 10 -5 -1 0 8 0 5 4 1 -8 0 2 3 7 -1 4 -2 0 -3 -4 0 1 1 2 1 10 3 3 3 -1 -1 2 -2 3 -4 1 13 2 11 -4 11 -2 5 -2 -1 2 3 -7 -2 0 -3 5 -2 1 3 2 4 6 0 -1 1 -1 -2 0 2 1 0 -1 -1 -7 0 7 3 1 2 -8 7 0 14 1 -4 14 -1 7 12 7 13 0 6 4 1 7 0 1 -4 -2 1 -3 -1 0 3 13 -4 1 1 9 0 -2 -1 5 6 0 -8 -1 13

