(8,) 
244 249 231 263 253 259 257 220

(8,) 
244 243 275 246 248 253 254 260

(16,) 
241 260 263 273 253 258 245 239 236 270 244 283 253 252 253 239

(16,) 
245 242 267 263 258 253 246 248 252 254 241 269 260 270 264 254

(32,) 
262 273 245 235 269 219 249 250 233 254 267 250 229 261 256 242 253 256 233 262 252 248 242 264 265 256 258 251 235 253 254 245

(32,) 
258 248 248 247 251 271 262 263 256 255 258 248 251 266 259 253 251 261 255 258 258 250 263 257 262 258 255 262 255 248 278 238

(32,) 
248 261 254 298 212 267 267 264 240 250 238 253 260 233 245 249 255 266 259 254 248 224 255 254 247 245 229 246 250 268 263 257

(32,) 
248 258 256 298 260 262 258 271 252 251 238 247 256 241 243 244 244 252 258 260 255 241 260 255 254 240 239 236 245 278 261 262

(64,) 
264 256 252 252 256 259 259 250 254 256 261 245 266 262 252 261 262 247 244 258 259 267 271 257 273 255 260 268 246 248 262 245 250 267 248 236 266 255 246 277 245 251 245 252 265 257 259 245 240 271 254 244 242 252 239 268 250 251 280 266 256 254 270 259

(64,) 
263 253 260 252 279 264 259 252 254 255 252 261 262 262 248 256 254 247 266 263 256 261 267 253 278 250 255 261 243 241 266 242 245 252 251 227 248 253 238 268 260 252 264 249 261 252 260 258 250 270 257 268 233 255 241 263 256 254 271 257 256 252 271 251

(64,) 
255 251 252 249 266 266 274 270 267 259 249 267 265 262 262 256 249 282 259 255 283 247 271 257 267 246 261 237 275 243 258 249 241 257 249 249 252 241 252 254 267 254 272 265 263 264 244 249 227 248 263 256 259 267 250 261 263 239 258 278 259 259 245 266

(64,) 
251 248 249 246 263 264 270 275 275 254 259 262 254 263 249 247 256 270 257 244 250 237 244 256 251 244 259 236 257 245 266 248 238 254 253 250 254 240 251 251 264 251 258 262 261 264 249 250 225 243 261 254 258 269 247 261 262 228 257 268 254 257 254 266

(128,) 
224 246 273 259 268 258 249 254 259 246 252 246 258 250 250 263 243 259 232 258 254 249 257 251 252 253 260 254 259 264 277 256 252 259 238 261 267 271 266 253 263 242 258 271 261 253 268 262 252 234 259 263 255 242 258 247 262 264 263 254 260 270 228 250 258 240 255 248 275 261 248 254 266 239 256 243 233 255 252 255 252 246 267 262 247 240 259 264 264 251 239 250 255 257 242 260 273 244 255 270 258 246 241 266 257 257 252 245 257 251 247 261 261 260 257 255 253 261 248 259 242 247 233 260 238 261 255 245

(128,) 
231 248 268 259 267 258 249 251 254 283 255 242 258 248 277 267 241 258 234 256 256 247 254 244 247 248 252 270 256 256 278 252 250 259 237 261 267 260 263 256 258 236 258 271 257 251 259 260 249 239 257 261 259 242 257 245 263 265 261 255 260 267 230 248 252 244 255 278 302 256 239 260 259 238 252 244 235 258 248 251 252 276 302 265 242 241 255 273 257 248 230 245 252 268 241 256 272 243 254 266 256 246 232 280 255 255 253 244 252 246 239 254 256 272 258 249 246 260 242 257 239 247 238 256 236 257 253 242

(256,) 
269 257 237 252 238 241 221 239 237 270 240 246 241 266 252 262 245 233 196 249 254 237 259 232 237 259 255 263 270 235 257 244 218 259 239 265 225 237 255 247 242 258 247 259 278 239 256 254 234 248 259 252 258 264 250 261 255 255 263 253 244 230 255 230 241 241 237 244 259 247 252 248 242 252 258 254 234 241 264 247 254 238 270 242 227 248 240 240 237 257 233 260 250 230 259 243 245 241 246 243 223 224 269 265 240 246 258 235 253 212 245 262 265 234 256 254 249 219 260 262 254 262 251 251 232 250 256 248 229 243 256 240 220 216 235 220 242 247 261 266 259 270 223 262 242 224 232 251 239 243 247 220 246 237 229 244 239 254 258 215 261 261 237 252 264 217 234 245 248 243 237 263 262 233 260 217 251 258 222 251 230 225 258 232 219 241 251 275 246 213 222 225 244 261 229 255 224 254 255 255 245 226 246 227 246 241 230 248 262 213 241 249 231 229 235 229 249 250 271 255 266 259 201 254 240 210 261 266 222 250 260 235 221 252 252 224 240 239 220 231 266 235 247 248 262 250 262 244 252 221 254 288 257 264 232 250

(256,) 
265 259 245 257 240 233 222 239 238 269 241 241 256 264 254 264 242 233 281 246 271 274 255 227 238 259 249 261 274 235 255 245 220 258 241 264 232 236 260 240 295 255 246 259 274 233 250 261 235 244 252 251 253 260 248 257 254 302 267 249 244 225 254 224 236 239 230 270 260 242 247 240 239 248 255 250 229 241 263 245 254 242 266 242 226 245 260 236 237 282 232 252 253 230 258 242 239 240 243 240 224 297 264 275 236 291 253 296 252 215 242 264 274 233 282 248 253 227 260 261 251 268 273 247 227 247 278 248 227 240 262 235 222 220 235 222 243 245 260 263 252 266 218 260 241 242 292 252 237 242 244 223 247 236 234 240 238 252 257 220 257 268 238 269 263 225 227 239 241 240 238 265 261 235 262 275 247 271 215 252 224 224 257 231 230 256 247 274 244 216 226 230 242 260 228 252 232 252 255 268 244 222 245 283 255 241 230 243 260 281 237 237 227 229 222 224 249 260 266 249 263 261 211 257 233 216 258 275 219 257 257 232 221 249 252 219 236 240 224 232 266 237 248 255 256 247 268 243 249 254 252 301 254 260 223 279

(256,) 
268 257 263 267 281 258 264 285 278 258 261 261 274 269 271 257 259 270 278 260 276 262 268 266 261 262 261 267 277 265 268 291 277 269 257 265 260 245 260 257 269 270 270 263 267 266 265 270 263 260 284 266 271 268 269 264 278 256 259 260 265 256 266 267 271 273 268 261 260 264 263 269 267 267 268 280 253 266 269 264 294 260 268 258 274 263 261 265 264 261 266 268 248 254 272 272 261 264 268 258 274 275 256 263 277 258 267 261 254 266 255 293 258 264 268 266 263 280 250 257 270 280 259 275 263 297 256 261 266 265 259 264 265 263 271 270 258 263 275 261 297 267 286 256 258 272 269 269 265 273 260 273 260 261 267 269 263 266 268 264 265 262 260 267 260 262 272 262 269 258 289 255 261 256 267 254 260 275 260 272 258 273 266 267 267 262 271 262 260 253 264 262 265 262 263 264 258 265 260 262 258 254 256 259 258 263 262 270 254 273 265 260 272 271 258 266 249 271 265 281 280 266 275 259 292 271 266 275 257 263 262 258 279 282 278 264 259 260 255 273 255 267 278 254 261 263 271 260 257 265 264 264 267 265 263 278

