(8,) 
-77 -19 -32 -42 9 63 24 -35

(8,) 
-13 -51 7 93 -22 10 12 -70

(16,) 
-149 28 -2 119 -21 48 -14 -28 113 21 27 37 -54 0 -116 8

(16,) 
26 -36 -20 -32 3 13 -33 -4 11 -49 0 -24 -16 7 -11 22

(32,) 
43 95 -13 124 32 19 58 78 -94 -42 -2 -93 -10 -64 -17 -11 -4 -63 26 41 -120 -99 33 38 -97 89 -91 -46 115 -90 42 -6

(32,) 
21 39 1 -12 3 17 -8 39 -22 10 3 1 -29 -11 4 -21 2 -30 19 -2 -27 33 21 0 29 -24 -15 -14 2 12 7 -2

(32,) 
-88 41 48 -238 -48 -101 42 114 25 -144 -37 -149 -146 161 -3 39 -6 86 -166 216 -28 34 61 100 34 -161 48 -11 -114 62 -133 55

(32,) 
-1 -25 -2 -3 24 -29 -53 13 38 -39 5 -37 -21 -6 16 -14 -4 20 41 19 44 -4 59 5 21 -16 26 -16 -41 26 -1 -23

(64,) 
-67 -6 93 5 136 53 -172 -55 -83 28 2 110 -19 -9 -99 14 126 -14 95 -104 -15 107 -76 -69 -223 -92 52 51 -82 64 3 -38 -70 -2 -21 -24 94 19 68 38 60 -159 110 -89 38 -48 -46 129 -19 -2 74 86 19 4 61 78 -129 36 94 -41 -132 18 92 19

(64,) 
6 -17 49 -8 -6 -38 6 -32 -26 11 22 -2 17 -46 -45 8 4 -16 -2 -53 48 -47 15 -2 0 -37 5 51 -37 -26 21 -8 -24 6 6 -18 19 3 -19 -43 16 12 11 -33 -47 14 11 17 -12 -7 10 3 -13 23 -29 25 -38 6 -22 33 -12 33 -27 -5

(64,) 
-100 112 -165 -226 80 -68 77 72 10 -6 101 154 -148 -62 37 -31 -28 72 -73 40 233 -6 -32 -90 -76 58 11 -132 130 -69 93 -52 -89 153 -114 -206 7 180 -70 -8 -47 -142 -29 -126 -96 -105 11 -220 4 0 -1 51 -218 -209 73 45 90 11 -100 7 127 -68 217 -27

(64,) 
11 -32 16 28 37 11 48 2 48 58 2 -64 21 35 15 -11 5 35 42 -24 30 -14 -4 -2 13 -12 -55 2 26 3 29 -31 5 44 13 -32 -10 -51 9 -31 -10 -17 5 -50 37 0 -9 7 -2 -27 32 16 41 -14 -21 -26 25 20 36 26 17 -42 30 -43

(128,) 
46 144 32 97 62 -83 -21 14 13 172 3 -33 13 -130 20 3 -34 -34 -31 -53 80 -122 -155 -6 -1 -48 77 -24 88 -30 -247 -56 -38 124 98 -49 -41 70 -11 -45 15 -41 51 13 -149 -87 -166 179 -12 15 62 -42 -45 -92 -32 -14 -19 -36 74 -69 53 19 37 -196 219 75 -138 115 166 61 -7 117 61 24 7 -76 -20 144 -72 -143 21 69 192 -143 -71 70 97 32 20 47 -43 -146 -45 57 -86 16 -87 -57 -8 32 -142 -57 51 99 23 126 15 22 24 -62 22 -24 102 89 -18 -50 25 -134 26 138 -28 55 -50 6 -68 -129 -120 32

(128,) 
-6 -16 3 -39 -34 -5 6 -25 24 26 -3 14 30 25 -12 -10 -7 -4 -10 29 10 6 -31 10 -15 -30 -11 5 -33 21 1 -26 -34 -35 -13 4 8 0 41 -4 21 24 -1 45 26 -35 25 -4 26 -5 -28 13 41 -14 -3 -5 -14 -37 39 -19 10 -33 -5 30 28 -7 -35 -8 -5 -32 16 -7 26 -23 27 4 -1 23 30 30 -15 26 -11 38 1 -10 1 -1 1 37 -19 13 3 -7 6 17 33 13 -3 -53 -32 -1 24 0 19 13 27 -30 1 -28 -14 4 -9 20 -29 24 -35 22 -24 -31 17 3 -6 11 3 -31 3 -11

(256,) 
31 9 149 158 -138 70 -124 -9 97 -193 -109 -134 276 -120 294 -19 282 -34 42 139 -11 227 20 -77 9 -4 -92 -28 -95 25 -88 -107 47 72 20 -103 137 -58 116 -112 -50 -85 70 82 50 91 104 111 3 129 153 123 250 113 -88 134 70 37 -55 -19 -54 16 -21 40 -135 89 -27 221 -64 117 -44 -108 111 -77 -99 276 45 -57 -58 9 162 159 -4 -192 67 27 96 42 82 -7 165 162 -21 31 8 43 -41 -160 78 -160 -13 186 22 -87 202 31 170 110 52 15 43 142 -45 42 94 127 49 -41 -83 -85 19 -87 -40 -162 -79 -41 216 -11 137 53 195 -116 -88 39 58 62 129 -9 -184 -163 133 -48 83 119 -24 214 129 53 119 -11 -77 106 -31 -39 90 -10 4 220 -37 -131 7 205 161 78 17 -143 5 109 115 -4 -63 107 -114 59 51 112 30 -53 50 -48 -15 102 -87 -114 152 -15 -97 84 -39 -175 -5 14 -28 -46 36 84 23 53 81 32 84 96 57 127 198 -41 -35 24 176 155 143 -34 -43 53 -43 84 -111 -58 56 99 222 110 -50 82 -13 23 -13 -134 -30 181 33 -11 -69 25 119 -128 -122 67 -25 65 -50 -125 94 201 28 -74 41 -235 -50 103 -163 63 -60 -25 68 91

(256,) 
-30 -1 0 -4 8 -13 -5 -10 -4 -47 -1 15 -3 3 29 30 -8 -1 -1 -1 5 0 -29 2 0 -26 20 35 -6 -10 33 20 3 -1 -7 -30 -7 -4 23 -9 4 -27 -3 -1 -42 -11 0 28 -3 4 22 -10 -19 -27 -16 -27 -29 -5 42 -17 21 -9 26 -1 -10 0 -15 23 25 -10 -26 14 11 -1 -33 7 -4 -3 20 -5 1 -4 -37 12 -9 -9 -4 -19 -5 7 -4 -13 22 1 0 -8 -8 -2 12 -4 -7 -1 17 31 -5 -1 22 5 23 -8 17 27 39 -6 32 27 -2 -1 20 1 -19 33 -2 26 1 12 -2 -2 -4 11 23 -5 2 -5 -8 -6 0 4 32 0 25 7 -5 -31 -1 -4 8 -5 -7 -4 -16 -6 12 0 -1 -7 -1 18 -1 -11 -31 34 0 20 0 -2 -8 -24 14 -20 -5 -6 0 -2 -1 -3 -20 40 -7 -5 -8 -7 29 -6 -6 19 21 -36 -4 -3 -5 -1 9 -6 -1 24 2 -4 24 29 -5 -7 2 3 2 -1 -5 -20 -27 5 -19 17 9 3 -17 -3 -3 -4 -36 -28 4 -10 -2 -26 11 -2 21 39 -6 4 -27 -12 -6 26 -11 -9 -4 -1 -2 -2 22 9 -5 5 -33 1 4 -10 20 -4 27 -8 2 -32 -9 30

(256,) 
130 51 109 -77 -79 -135 160 142 153 39 168 -24 17 216 185 16 190 235 150 139 -1 -110 41 264 14 94 -89 271 -65 209 64 136 93 -50 -98 -63 -29 6 54 75 -135 161 -20 260 -39 21 -90 -18 137 -18 156 92 70 91 282 7 -63 -32 76 73 145 73 -152 242 128 -14 -101 135 116 162 283 -121 249 306 -15 141 -85 39 -219 111 93 109 182 6 14 -57 -6 78 -130 -163 53 25 -146 -94 180 177 70 117 -97 -6 103 155 -46 127 -72 68 7 23 -170 98 51 79 -22 26 8 121 -42 47 -109 -38 71 -56 157 131 4 145 60 -30 281 -134 -32 202 55 -151 17 -48 86 75 59 -9 68 -13 84 -20 76 81 15 0 222 396 144 5 -51 -10 70 288 -16 200 269 237 262 165 -54 175 -3 109 -89 153 86 36 112 -107 -90 62 -66 157 -94 -33 39 172 138 25 89 -70 132 150 54 14 327 28 109 327 -56 281 114 -60 25 208 -71 84 78 48 -129 25 27 -186 -89 141 -147 115 118 24 309 190 46 142 -32 -80 115 37 118 164 -13 148 47 12 -129 33 -160 -104 -77 -131 149 54 158 4 162 -49 150 -110 -116 41 -5 19 -136 141 24 15 163 124 -216 -62 -93 204 104 88

