(8,) 
53 3 13 18 5 45 7 17

(8,) 
4 21 4 70 7 1 8 41

(16,) 
33 36 19 42 32 56 17 26 48 84 72 58 50 56 91 28

(16,) 
6 20 14 19 3 8 6 10 4 16 9 11 3 14 3 11

(32,) 
59 62 47 41 26 45 46 65 72 38 35 72 50 87 57 43 55 64 57 76 52 81 38 44 49 52 84 67 27 92 64 53

(32,) 
5 11 3 3 9 9 4 20 8 8 5 3 9 2 3 5 6 3 11 4 5 4 8 9 5 10 3 3 4 2 9 4

(32,) 
174 106 90 146 93 163 85 112 85 102 99 177 143 121 83 74 120 144 199 99 79 82 145 139 84 133 138 76 105 96 74 104

(32,) 
3 7 8 4 7 5 23 10 14 4 4 5 4 3 3 5 5 10 6 8 16 5 18 6 8 3 11 4 9 8 7 7

(64,) 
55 60 134 86 180 66 105 69 79 72 76 77 54 64 47 47 110 84 72 141 46 67 62 56 252 129 88 62 81 120 79 48 51 46 49 86 60 66 70 72 55 127 121 113 53 132 61 109 83 62 115 86 79 38 67 57 167 49 125 47 138 63 79 55

(64,) 
3 3 24 5 4 11 1 9 4 3 6 4 3 9 7 4 5 2 3 7 8 12 5 2 1 3 4 14 4 10 4 2 3 3 3 5 5 2 4 9 6 1 5 3 11 2 3 8 5 6 4 5 4 3 10 9 4 4 8 7 1 4 8 4

(64,) 
82 91 119 168 106 111 111 144 98 128 76 125 107 179 173 99 87 102 137 177 106 94 90 128 85 86 84 88 111 101 136 85 140 93 74 222 67 262 76 92 94 364 84 98 116 84 161 145 103 86 129 74 116 172 79 107 149 95 134 92 118 86 184 94

(64,) 
2 6 3 3 16 3 8 7 10 10 3 25 6 10 6 3 4 11 8 9 10 3 4 1 6 3 16 1 5 2 8 7 1 11 3 3 2 28 2 5 4 1 5 8 4 3 2 1 1 3 10 5 6 2 3 6 10 5 4 9 5 8 11 6

(128,) 
85 88 151 113 118 177 74 88 85 72 109 113 68 88 93 87 85 81 64 94 166 81 133 57 83 72 168 92 59 127 316 67 63 84 67 93 139 87 85 66 77 109 124 79 72 81 78 235 70 68 84 94 132 79 95 59 106 93 79 76 114 90 80 89 123 72 77 84 120 79 81 168 82 54 152 126 90 131 108 108 46 94 103 185 77 67 156 87 65 73 90 140 92 124 109 71 72 90 49 87 79 100 77 85 78 152 76 56 88 77 63 84 105 74 62 71 93 205 102 92 71 64 56 106 127 149 107 73

(128,) 
1 3 3 11 6 1 1 7 4 5 2 1 5 1 3 4 2 3 1 3 3 1 3 2 3 3 3 4 5 2 1 3 3 9 2 2 2 3 7 2 3 2 2 7 4 3 4 4 3 2 5 3 11 3 1 2 4 4 9 3 3 8 1 2 6 3 4 4 4 7 3 3 6 2 9 1 1 8 3 2 3 3 6 4 2 2 2 3 2 5 4 1 1 3 1 2 5 1 1 13 3 1 4 4 4 4 2 4 1 5 3 2 3 4 3 3 7 2 5 7 1 2 1 2 1 3 2 3

(256,) 
199 84 76 88 75 67 103 82 58 106 147 123 153 133 167 120 130 67 144 87 120 92 110 109 83 118 159 97 149 64 107 68 82 118 44 87 119 134 88 169 119 94 79 107 135 144 187 134 76 93 135 127 153 144 72 181 75 160 123 136 103 93 101 55 65 110 110 159 80 111 147 94 67 65 77 101 51 99 127 71 72 87 146 165 65 100 98 92 71 123 72 176 102 67 133 83 124 102 128 55 91 139 125 106 107 129 151 180 89 114 66 121 94 68 145 218 130 160 96 102 124 93 111 173 94 89 160 158 58 95 109 91 82 59 124 73 82 95 202 220 134 132 139 96 128 120 125 119 87 148 72 76 104 58 67 118 54 143 102 100 81 156 75 152 138 64 136 93 121 127 83 120 116 62 200 146 90 94 65 110 74 62 91 100 80 99 84 163 89 71 101 65 123 103 95 162 50 86 96 140 83 60 90 101 151 90 52 61 87 164 196 110 83 77 73 99 105 121 154 92 263 154 67 124 70 87 117 118 76 129 129 54 67 104 213 109 116 63 77 78 141 161 80 91 96 87 69 95 81 106 170 239 68 130 66 133

(256,) 
4 2 1 2 0 2 0 1 0 6 0 1 2 2 7 4 1 0 1 1 1 2 4 0 1 3 3 5 2 1 5 2 0 1 1 4 1 0 4 1 2 2 2 1 7 2 2 5 0 1 5 2 4 5 2 3 4 3 6 2 2 1 4 1 1 1 2 4 2 2 3 2 1 1 4 2 1 1 3 1 1 1 7 1 1 2 1 2 1 1 1 2 2 1 1 1 0 1 1 1 1 2 4 7 1 2 3 1 3 1 2 4 8 1 6 8 1 0 3 2 3 5 1 3 2 1 2 1 1 1 4 1 0 0 1 1 1 2 5 1 5 2 1 6 0 2 2 2 1 1 2 1 2 1 0 1 1 3 2 1 5 7 0 2 1 0 1 3 3 4 1 2 1 0 1 3 2 6 1 1 1 0 4 1 1 2 2 8 1 0 0 0 1 2 1 5 0 2 3 4 1 1 1 2 1 1 0 2 3 1 3 3 1 0 2 1 1 1 7 3 1 3 0 4 1 0 3 9 1 2 3 1 1 4 3 1 1 0 0 1 3 0 1 2 5 1 2 1 3 2 3 3 2 6 1 4

(256,) 
229 218 294 156 251 173 273 229 187 268 138 171 252 206 288 194 157 306 194 188 208 134 219 251 169 219 171 274 252 204 239 243 202 192 159 327 187 123 327 195 183 181 241 185 175 273 207 224 228 214 216 301 233 227 297 188 246 193 223 185 246 218 189 176 244 256 388 294 181 225 241 238 205 283 218 202 173 241 470 195 250 169 250 221 220 178 159 190 377 290 166 252 75 178 219 208 150 205 226 222 228 207 142 177 224 171 219 221 183 263 225 256 155 259 280 220 158 243 242 168 238 243 193 292 165 282 183 211 272 208 229 231 206 135 253 192 258 316 337 166 283 215 211 161 156 232 233 169 385 440 125 252 185 174 284 275 183 231 193 222 228 247 160 221 160 176 194 207 267 210 219 149 176 182 167 144 136 227 199 240 128 251 211 135 198 184 195 205 189 235 268 298 185 428 192 174 162 381 266 225 162 160 96 172 149 176 184 241 182 192 193 153 249 258 174 247 160 220 204 241 230 250 225 296 232 275 187 222 381 181 193 164 343 231 220 164 278 145 111 194 165 240 178 131 150 199 308 158 172 273 339 153 206 208 207 229

